! This data is for documentation purposes only. It corresponds to a real source 
! at gamma energies from 0.1 to 200GeV from Fermi, with some artificial errors 
! added in all columns. For simplicity upper limits and flux have been combined.
! Use of this data outside testing and documentation for MUTIS is not allowed.
! jyear, Flux [ph/cm2/s], CFluxErr [ph/cm2/s]
jyear,CFlux,CFluxErr
2008.6050650239563,1.894027e-07,3.3263e-08
2008.624229979466,5.572932e-07,4.7548e-08
2008.643394934976,5.43923e-07,5.6848e-08
2008.662559890486,6.763391e-07,6.9805e-08
2008.6817248459959,9.020173e-07,7.4351e-08
2008.7008898015058,1.014218e-06,7.2523e-08
2008.7200547570158,1.174929e-06,5.6174e-08
2008.7392197125257,7.81277e-07,5.9062e-08
2008.7583846680357,8.721271e-07,4.6563e-08
2008.7775496235456,9.274029e-07,5.2387e-08
2008.7967145790553,8.925748e-07,6.5054e-08
2008.8158795345653,6.991784e-07,7.2501e-08
2008.8350444900752,6.802543e-07,6.4232e-08
2008.8542094455852,3.353848e-07,4.0552e-08
2008.8733744010951,2.558229e-07,3.7188e-08
2008.892539356605,2.9151e-07,3.0718e-08
2008.911704312115,1.959894e-07,2.9798e-08
2008.930869267625,2.330785e-07,3.2834e-08
2008.950034223135,1.954396e-07,4.2315e-08
2008.9691991786447,3.45683e-07,4.635e-08
2008.9883641341546,4.851138e-07,4.647e-08
2009.0075290896646,3.288414e-07,3.8323e-08
2009.0266940451745,2.446839e-07,3.3265e-08
2009.0458590006845,2.618041e-07,2.995e-08
2009.0650239561944,2.558344e-07,3.3666e-08
2009.0841889117044,2.093682e-07,3.6651e-08
2009.1033538672143,4.223174e-07,4.8319e-08
2009.1225188227243,2.390306e-07,4.4301e-08
2009.141683778234,2.342355e-07,3.3408e-08
2009.160848733744,2.19487e-07,2.8042e-08
2009.1800136892539,1.92246e-07,2.8578e-08
2009.1991786447638,8.168976e-08,2.4659e-08
2009.2183436002738,9.039794e-08,2.3273e-08
2009.2375085557837,1.073428e-07,2.7508e-08
2009.2566735112937,1.687885e-07,3.5937e-08
2009.2758384668036,9.717221e-08,2.6257e-08
2009.2950034223136,6.747187e-08,2.1288e-08
2009.3141683778233,9.075357e-08,2.4218e-08
2009.3333333333333,1.291101e-07,3.421e-08
2009.3524982888432,7.602935e-08,2.2279e-08
2009.3716632443532,6.60408e-08,2.3863e-08
2009.390828199863,8.19128e-08,2.1396e-08
2009.409993155373,6.815514e-08,1.9162e-08
2009.429158110883,6.428061e-08,2.0592e-08
2009.448323066393,5.018302e-08,1.5605e-08
2009.467488021903,7.136524e-08,1.9945e-08
2009.4866529774126,1.612405e-07,3.026e-08
2009.5058179329226,7.45906e-08,2.4396e-08
2009.5249828884325,1.200083e-07,2.6751e-08
2009.5441478439425,8.881603e-08,2.6361e-08
2009.5633127994524,8.483837e-08,2.6345e-08
2009.5824777549624,5.28214e-08,2.0647e-08
2009.6016427104723,5.726053e-08,1.5713e-08
2009.6208076659823,4.623668e-08,2.0337e-08
2009.6399726214922,8.245706e-08,2.2215e-08
2009.659137577002,6.332025e-08,1.8399e-08
2009.678302532512,7.216748e-08,2.278e-08
2009.6974674880219,7.1078e-08,2.3564e-08
2009.7166324435318,6.742891e-08,2.7965e-08
2009.7357973990418,8.307746e-08,3.4308e-08
2009.7549623545517,9.736714e-08,2.5829e-08
2009.7741273100617,1.323415e-07,3.5106e-08
2009.7932922655716,7.741795e-08,3.2717e-08
2009.8124572210816,5.940215e-08,2.5428e-08
2009.8316221765913,7.383346e-08,2.4416e-08
2009.8507871321012,3.630535e-08,1.7354e-08
2009.8699520876112,2.185314e-08,4.3843e-11
2009.8891170431211,3.124499e-08,1.74e-10
2009.908281998631,4.142167e-08,1.8816e-08
2009.927446954141,3.510285e-08,1.4403e-08
2009.946611909651,5.522194e-08,1.9742e-08
2009.965776865161,3.171374e-08,1.1663e-08
2009.9849418206709,3.586288e-08,2.4292e-10
2010.0041067761806,6.424952e-08,1.9547e-08
2010.0232717316906,2.228553e-08,3.8542e-11
2010.0424366872005,4.505581e-08,1.4818e-08
2010.0616016427105,2.781699e-08,1.4034e-10
2010.0807665982204,4.239084e-08,1.8822e-08
2010.0999315537304,1.951911e-08,1.1701e-10
2010.1190965092403,3.841145e-08,1.2543e-08
2010.1382614647503,1.313865e-08,3.6654e-13
2010.1574264202602,1.872003e-08,2.3899e-11
2010.17659137577,2.333559e-08,6.8048e-10
2010.1957563312799,1.214066e-08,5.221e-13
2010.2149212867898,4.364843e-08,1.2307e-08
2010.2340862422998,2.031332e-08,3.6588e-11
2010.2532511978097,6.611965e-08,1.9223e-08
2010.2724161533197,7.776397e-09,5.1819e-12
2010.2915811088296,2.48703e-08,1.2408e-10
2010.3107460643396,1.886818e-08,7.2429e-11
2010.3299110198495,7.151585e-08,2.1622e-08
2010.3490759753593,4.721426e-08,1.4859e-08
2010.3682409308692,4.893138e-08,1.4433e-08
2010.3874058863792,1.656445e-08,7.0458e-12
2010.406570841889,5.920481e-08,1.8327e-08
2010.425735797399,6.333622e-08,1.8669e-08
2010.444900752909,2.464287e-08,3.946e-11
2010.464065708419,4.680867e-08,2.3175e-08
2010.483230663929,1.809026e-08,9.9038e-12
2010.5023956194386,9.50688e-08,2.4453e-08
2010.5215605749486,3.85571e-08,1.7342e-08
2010.5407255304585,3.263112e-08,9.0765e-11
2010.5598904859685,3.310477e-08,1.2751e-08
2010.5790554414784,2.528567e-08,6.6573e-11
2010.5982203969884,4.916845e-08,1.5264e-08
2010.6173853524983,4.72694e-08,1.6145e-08
2010.6365503080083,2.926909e-08,9.1684e-09
2010.6557152635182,2.613963e-08,2.5981e-10
2010.674880219028,4.994796e-08,1.5284e-08
2010.694045174538,4.719011e-08,1.6068e-08
2010.7132101300479,6.139608e-08,1.7019e-08
2010.7323750855578,2.797792e-08,9.926e-09
2010.7515400410678,5.94289e-08,1.9954e-08
2010.7707049965777,4.738885e-08,2.2138e-08
2010.7898699520877,8.747136e-08,2.6174e-08
2010.8090349075976,8.386796e-08,2.2175e-08
2010.8281998631076,4.554878e-08,1.7012e-08
2010.8473648186173,2.719053e-08,9.9646e-09
2010.8665297741272,5.760901e-08,1.6266e-08
2010.8856947296372,3.031349e-08,1.3122e-08
2010.9048596851471,1.86367e-08,6.9372e-11
2010.924024640657,2.822004e-08,1.0519e-08
2010.943189596167,2.106187e-08,2.9852e-11
2010.962354551677,2.979443e-08,9.654e-09
2010.981519507187,3.617791e-08,1.1203e-08
2011.0006844626969,1.501005e-08,2.9704e-14
2011.0198494182066,3.83649e-08,1.976e-08
2011.0390143737166,1.437491e-08,1.6351e-12
2011.0581793292265,3.256534e-08,1.3612e-08
2011.0773442847365,5.629261e-08,1.6892e-08
2011.0965092402464,5.621926e-08,1.6465e-08
2011.1156741957564,1.656967e-08,4.7707e-11
2011.1348391512663,3.380883e-08,1.0652e-08
2011.1540041067763,1.361031e-08,5.9346e-11
2011.1731690622862,3.675676e-08,1.3863e-08
2011.192334017796,1.206118e-08,2.7404e-11
2011.2114989733059,4.750422e-08,1.5425e-08
2011.2306639288158,2.481128e-08,5.1171e-11
2011.2498288843258,1.946737e-08,1.7312e-10
2011.2689938398357,4.137624e-08,1.441e-08
2011.2881587953457,2.5382e-08,9.7022e-09
2011.3073237508556,3.297584e-08,1.2365e-08
2011.3264887063656,3.890047e-08,4.653e-11
2011.3456536618755,5.662353e-08,1.7379e-08
2011.3648186173853,4.60185e-08,1.4785e-08
2011.3839835728952,1.667763e-08,5.3848e-11
2011.4031485284052,3.386915e-08,9.9622e-11
2011.422313483915,4.712961e-08,2.1336e-08
2011.441478439425,4.07437e-08,1.2307e-08
2011.460643394935,5.250432e-08,1.7948e-08
2011.479808350445,1.799773e-08,1.4414e-11
2011.498973305955,5.338685e-08,1.4791e-08
2011.5181382614649,3.691148e-08,1.8566e-08
2011.5373032169746,6.333289e-08,1.7155e-08
2011.5564681724845,5.731942e-08,1.7707e-08
2011.5756331279945,4.834281e-08,1.4164e-08
2011.5947980835044,4.388997e-08,1.2952e-08
2011.6139630390144,2.218042e-08,2.2198e-12
2011.6331279945243,2.364682e-08,7.6072e-11
2011.6522929500343,4.266737e-08,1.3853e-08
2011.6714579055442,1.659039e-08,5.5085e-12
2011.6906228610542,1.712427e-08,6.7194e-11
2011.709787816564,5.771326e-08,1.9319e-08
2011.7289527720739,6.187351e-08,2.0032e-08
2011.7481177275838,5.79501e-08,1.679e-08
2011.7672826830938,2.212981e-08,5.9349e-11
2011.7864476386037,2.406798e-08,3.5631e-11
2011.8056125941137,2.458458e-08,1.4507e-10
2011.8247775496236,3.728138e-08,1.5899e-08
2011.8439425051336,6.289833e-08,1.8295e-08
2011.8631074606435,4.677626e-08,1.7242e-08
2011.8822724161532,1.686551e-08,4.4088e-11
2011.9014373716632,3.273552e-08,1.2908e-08
2011.9206023271731,2.958341e-08,1.6273e-08
2011.939767282683,4.982283e-08,1.9399e-08
2011.958932238193,5.738234e-08,1.5705e-08
2011.978097193703,4.415118e-08,1.2905e-08
2011.997262149213,2.927573e-08,9.3271e-09
2012.0164271047229,6.562431e-08,2.6229e-08
2012.0355920602328,3.037612e-08,5.3634e-11
2012.0547570157426,2.748987e-08,5.9628e-11
2012.0739219712525,1.359189e-08,1.8315e-12
2012.0930869267625,1.876601e-08,5.847e-12
2012.1122518822724,2.675604e-08,6.0816e-11
2012.1314168377824,3.803707e-08,1.2618e-08
2012.1505817932923,3.266024e-08,1.4286e-08
2012.1697467488023,5.883267e-08,1.6576e-08
2012.1889117043122,5.372091e-08,1.4901e-08
2012.208076659822,2.390595e-08,7.7188e-11
2012.2272416153319,1.608852e-08,8.2981e-12
2012.2464065708418,4.549966e-08,1.96e-08
2012.2655715263518,5.708383e-08,2.3987e-08
2012.2847364818617,9.205122e-08,2.3779e-08
2012.3039014373717,8.303604e-08,3.2965e-08
2012.3230663928816,8.910584e-08,3.0747e-08
2012.3422313483916,9.609786e-08,3.6458e-08
2012.3613963039015,1.794814e-08,3.7752e-11
2012.3805612594113,7.395503e-08,2.5659e-08
2012.3997262149212,1.389627e-07,3.1122e-08
2012.4188911704312,7.775256e-08,2.2467e-08
2012.438056125941,6.311031e-08,1.6629e-08
2012.457221081451,5.439041e-08,2.4928e-08
2012.476386036961,5.263834e-08,1.5644e-08
2012.495550992471,5.910901e-08,1.9542e-08
2012.514715947981,3.660328e-08,1.7482e-08
2012.5338809034909,1.433799e-07,3.3054e-08
2012.5530458590006,9.313611e-08,2.6635e-08
2012.5722108145105,5.749783e-08,1.6264e-08
2012.5913757700205,5.409439e-08,1.8217e-08
2012.6105407255304,6.842779e-08,1.8984e-08
2012.6297056810404,1.386838e-07,3.0747e-08
2012.6488706365503,6.804869e-08,1.8855e-08
2012.6680355920603,1.831416e-08,3.3683e-11
2012.6872005475702,5.538392e-08,1.8776e-08
2012.7063655030802,3.845608e-08,1.5734e-08
2012.72553045859,1.70822e-08,2.2088e-11
2012.7446954140999,3.88077e-08,1.1157e-08
2012.7638603696098,7.345518e-08,1.9638e-08
2012.7830253251198,2.820644e-08,1.7169e-08
2012.8021902806297,7.188736e-08,2.3543e-08
2012.8213552361397,2.50778e-08,1.1581e-10
2012.8405201916496,7.145012e-08,2.621e-08
2012.8596851471596,5.38894e-08,2.1568e-08
2012.8788501026695,4.90391e-08,1.4585e-08
2012.8980150581792,2.912789e-08,1.1639e-08
2012.9171800136892,5.27684e-08,1.5017e-08
2012.9363449691991,7.1653e-08,2.1274e-08
2012.955509924709,6.21948e-08,1.9338e-08
2012.974674880219,5.582607e-08,2.4369e-08
2012.993839835729,1.985414e-08,1.4532e-10
2013.013004791239,1.576312e-08,8.0007e-14
2013.0321697467489,1.294105e-08,9.7113e-13
2013.0513347022588,7.155104e-08,1.9875e-08
2013.0704996577686,2.545673e-08,1.5558e-08
2013.0896646132785,3.15398e-08,5.0803e-11
2013.1088295687885,3.84976e-08,1.7782e-08
2013.1279945242984,4.809179e-08,1.5604e-08
2013.1471594798084,1.65421e-08,2.8911e-12
2013.1663244353183,1.889614e-08,5.213e-13
2013.1854893908283,2.121134e-08,1.7335e-10
2013.2046543463382,1.926852e-08,3.8432e-11
2013.2238193018482,2.246961e-08,2.023e-10
2013.2429842573579,2.788061e-08,1.8897e-11
2013.2621492128678,2.563958e-08,8.2104e-11
2013.2813141683778,4.913536e-08,1.5558e-08
2013.3004791238877,5.397145e-08,2.6187e-08
2013.3196440793977,5.507898e-08,2.678e-08
2013.3388090349076,9.540293e-08,2.6131e-08
2013.3579739904176,4.86316e-08,1.3132e-08
2013.3771389459275,3.954284e-08,1.2416e-08
2013.3963039014375,5.202442e-08,2.7332e-08
2013.4154688569472,4.946235e-08,1.6322e-08
2013.4346338124572,7.58619e-08,2.3068e-08
2013.453798767967,6.139015e-08,1.9186e-08
2013.472963723477,4.649201e-08,1.4941e-08
2013.492128678987,3.258767e-08,1.3256e-08
2013.511293634497,1.157948e-08,2.9493e-11
2013.530458590007,2.997263e-08,1.2319e-08
2013.5496235455169,9.501346e-08,2.5046e-08
2013.5687885010268,7.092346e-08,2.3432e-08
2013.5879534565365,8.074483e-08,2.5374e-08
2013.6071184120465,9.329164e-08,2.514e-08
2013.6262833675564,5.52686e-08,3.0673e-08
2013.6454483230664,1.387619e-07,4.2035e-08
2013.6646132785763,1.237862e-07,3.5786e-08
2013.6837782340863,3.716679e-08,2.1226e-08
2013.7029431895962,4.642871e-08,1.4197e-08
2013.7221081451062,8.524164e-08,3.0233e-08
2013.7412731006161,6.886588e-08,1.9158e-08
2013.7604380561258,5.943387e-08,1.6513e-08
2013.7796030116358,8.391344e-08,2.8109e-08
2013.7987679671457,5.615968e-08,1.5346e-08
2013.8179329226557,8.738968e-08,2.5996e-08
2013.8370978781657,9.315124e-08,2.5308e-08
2013.8562628336756,6.633169e-08,2.8085e-08
2013.8754277891856,6.789238e-08,2.7838e-08
2013.8945927446955,8.30113e-08,2.2755e-08
2013.9137577002055,4.933501e-08,1.4577e-08
2013.9329226557152,1.169744e-07,6.3781e-08
2013.9520876112251,8.573332e-08,3.3223e-08
2013.971252566735,7.395796e-08,2.2163e-08
2013.990417522245,6.564229e-08,1.9944e-08
2014.009582477755,1.708023e-08,5.6864e-11
2014.028747433265,1.553971e-08,1.3276e-12
2014.0479123887749,6.466638e-08,2.8612e-08
2014.0670773442848,2.563294e-08,9.5774e-09
2014.0862422997945,4.53441e-08,1.3164e-08
2014.1054072553045,7.187801e-08,2.0976e-08
2014.1245722108144,4.714078e-08,1.6352e-08
2014.1437371663244,1.321249e-08,6.1538e-11
2014.1629021218343,1.984424e-08,1.2787e-10
2014.1820670773443,9.192062e-08,2.5692e-08
2014.2012320328543,3.972427e-08,1.7248e-08
2014.2203969883642,6.739883e-08,2.2688e-08
2014.2395619438742,7.309071e-08,2.1567e-08
2014.2587268993839,5.965686e-08,1.9127e-08
2014.2778918548938,6.311086e-08,1.8974e-08
2014.2970568104038,5.325355e-08,1.5873e-08
2014.3162217659137,1.862445e-08,1.3559e-11
2014.3353867214237,7.595827e-08,3.1836e-08
2014.3545516769336,5.814508e-08,1.8253e-08
2014.3737166324436,6.708585e-08,1.9559e-08
2014.3928815879535,8.206979e-08,2.2629e-08
2014.4120465434635,1.132866e-07,3.0536e-08
2014.4312114989732,6.585958e-08,1.8234e-08
2014.4503764544831,1.770912e-08,3.1169e-11
2014.469541409993,4.677138e-08,1.4025e-08
2014.488706365503,1.339947e-07,3.1663e-08
2014.507871321013,1.757884e-07,3.5476e-08
2014.527036276523,1.196641e-07,4.062e-08
2014.546201232033,1.794639e-07,4.7734e-08
2014.5653661875428,1.310396e-07,2.331e-08
2014.5845311430528,7.940805e-08,3.3268e-08
2014.6036960985625,4.257134e-08,1.4805e-08
2014.6228610540725,5.915282e-08,2.822e-08
2014.6420260095824,1.632959e-07,3.6061e-08
2014.6611909650924,2.946106e-07,4.5344e-08
2014.6803559206023,4.195885e-07,5.4308e-08
2014.6995208761123,2.543394e-07,5.145e-08
2014.7186858316222,1.495491e-07,4.0108e-08
2014.7378507871322,1.013898e-07,3.7211e-08
2014.7570157426421,1.508389e-07,4.0421e-08
2014.7761806981518,8.697518e-08,3.0518e-08
2014.7953456536618,3.736075e-07,5.521e-08
2014.8145106091717,9.926886e-08,3.1287e-08
2014.8336755646817,1.817272e-07,4.1123e-08
2014.8528405201916,1.287738e-07,3.197e-08
2014.8720054757016,5.230892e-08,2.4175e-08
2014.8911704312115,3.341318e-08,1.8833e-08
2014.9103353867215,7.291504e-08,2.1413e-08
2014.9295003422314,9.109832e-08,2.6762e-08
2014.9486652977412,7.23499e-08,2.2147e-08
2014.9678302532511,1.293694e-07,3.5815e-08
2014.986995208761,7.602909e-08,2.4735e-08
2015.006160164271,1.01743e-07,2.9606e-08
2015.025325119781,4.971298e-08,2.3153e-08
2015.044490075291,5.190547e-08,2.2695e-08
2015.0636550308009,1.018539e-07,2.6212e-08
2015.0828199863108,1.357419e-07,2.9257e-08
2015.1019849418208,7.180758e-08,2.6862e-08
2015.1211498973305,3.877789e-08,8.237e-11
2015.1403148528404,7.179808e-08,2.458e-08
2015.1594798083504,7.262936e-08,2.4369e-08
2015.1786447638603,8.033192e-08,3.0527e-08
2015.1978097193703,5.016259e-08,2.2645e-08
2015.2169746748802,1.25344e-07,3.4507e-08
2015.2361396303902,6.944728e-08,3.018e-08
2015.2553045859001,5.343279e-08,2.1343e-08
2015.27446954141,6.525984e-08,1.9567e-08
2015.2936344969198,7.608618e-08,2.5708e-08
2015.3127994524298,1.258736e-07,2.8464e-08
2015.3319644079397,9.819269e-08,3.4215e-08
2015.3511293634497,1.409505e-07,3.5076e-08
2015.3702943189596,2.622716e-07,3.7895e-08
2015.3894592744696,3.058042e-07,4.668e-08
2015.4086242299795,4.061414e-07,5.5456e-08
2015.4277891854895,4.104946e-07,5.6075e-08
2015.4469541409994,3.32454e-07,4.0202e-08
2015.4661190965091,3.602234e-07,4.5664e-08
2015.485284052019,4.552909e-07,5.9596e-08
2015.504449007529,3.190504e-07,4.2451e-08
2015.523613963039,3.076794e-07,4.3589e-08
2015.542778918549,5.324221e-07,5.0816e-08
2015.561943874059,7.074772e-07,5.396e-08
2015.5811088295688,5.631675e-07,4.8048e-08
2015.6002737850788,4.807052e-07,4.3308e-08
2015.6194387405887,3.891573e-07,5.3042e-08
2015.6386036960985,1.753121e-07,3.5463e-08
2015.6577686516084,6.025417e-07,6.4709e-08
2015.6769336071184,3.114192e-07,4.6248e-08
2015.6960985626283,1.200064e-07,2.9815e-08
2015.7152635181383,1.962687e-07,4.2118e-08
2015.7344284736482,1.603422e-07,3.0109e-08
2015.7535934291582,2.345062e-07,3.4102e-08
2015.7727583846681,2.128944e-07,4.3363e-08
2015.791923340178,1.968833e-07,3.7125e-08
2015.8110882956878,1.890234e-07,4.0602e-08
2015.8302532511977,2.220346e-07,4.2658e-08
2015.8494182067077,4.203926e-07,5.2612e-08
2015.8685831622176,3.108595e-07,4.6606e-08
2015.8877481177276,3.413856e-07,5.0566e-08
2015.9069130732375,1.925521e-07,3.5492e-08
2015.9260780287475,3.621726e-07,4.8024e-08
2015.9452429842574,4.096316e-07,4.377e-08
2015.9644079397672,4.271686e-07,4.8072e-08
2015.9835728952771,2.930021e-07,3.8074e-08
2016.002737850787,1.36678e-07,3.0223e-08
2016.021902806297,4.707308e-07,4.0503e-08
2016.041067761807,5.330583e-07,5.2642e-08
2016.060232717317,4.148371e-07,4.709e-08
2016.0793976728269,3.440156e-07,4.3449e-08
2016.0985626283368,2.0225e-07,3.6621e-08
2016.1177275838468,2.340202e-07,3.7072e-08
2016.1368925393565,1.818558e-07,3.7924e-08
2016.1560574948664,1.715737e-07,3.7062e-08
2016.1752224503764,3.98552e-07,5.18e-08
2016.1943874058863,2.454782e-07,4.5561e-08
2016.2135523613963,3.222822e-07,4.1931e-08
2016.2327173169062,2.322216e-07,4.0163e-08
2016.2518822724162,1.411761e-07,2.9975e-08
2016.2710472279261,1.438278e-07,3.1497e-08
2016.290212183436,1.478543e-07,3.6676e-08
2016.3093771389458,1.308621e-07,3.0065e-08
2016.3285420944558,2.234042e-07,6.1338e-08
2016.3477070499657,1.834389e-07,4.8733e-08
2016.3668720054757,4.567163e-07,5.3523e-08
2016.3860369609856,2.163123e-07,4.4343e-08
2016.4052019164956,1.863711e-07,3.368e-08
2016.4243668720055,1.450406e-07,3.6002e-08
2016.4435318275155,9.576882e-08,2.7696e-08
2016.4626967830254,4.10184e-07,4.8257e-08
2016.4818617385351,1.796595e-07,3.7759e-08
2016.501026694045,2.133289e-07,3.8222e-08
2016.520191649555,1.705575e-07,3.6101e-08
2016.539356605065,2.050932e-07,3.7648e-08
2016.558521560575,1.648903e-07,3.615e-08
2016.577686516085,2.130987e-07,3.3752e-08
2016.5968514715948,3.224174e-07,3.8127e-08
2016.6160164271048,8.159351e-08,2.5156e-08
2016.6351813826147,1.752774e-07,3.1633e-08
2016.6543463381245,1.450277e-07,3.2162e-08
2016.6735112936344,9.164241e-08,2.5838e-08
2016.6926762491444,1.713642e-07,3.295e-08
2016.7118412046543,8.913507e-08,2.7058e-08
2016.7310061601643,4.947373e-08,2.6736e-08
2016.7501711156742,4.942447e-08,2.1075e-08
2016.7693360711842,5.225397e-08,1.8369e-08
2016.7885010266941,1.854716e-07,2.9817e-08
2016.807665982204,1.039981e-07,2.4967e-08
2016.8268309377138,1.013912e-07,2.5642e-08
2016.8459958932237,1.266184e-07,3.5573e-08
2016.8651608487337,7.736813e-08,2.7974e-08
2016.8843258042436,1.266922e-07,2.8879e-08
2016.9034907597536,7.506062e-08,2.4089e-08
2016.9226557152635,1.619452e-07,3.7815e-08
2016.9418206707735,1.020896e-07,2.8876e-08
2016.9609856262834,8.686383e-08,2.9371e-08
2016.9801505817934,1.251183e-07,3.2301e-08
2016.9993155373031,9.624378e-08,3.0313e-08
2017.018480492813,2.235345e-07,3.7576e-08
2017.037645448323,1.298765e-07,2.6203e-08
2017.056810403833,6.205279e-08,2.104e-08
2017.075975359343,1.861539e-07,3.0704e-08
2017.0951403148529,1.263454e-07,3.2078e-08
2017.1143052703628,2.474107e-07,4.0832e-08
2017.1334702258728,1.081149e-07,3.0278e-08
2017.1526351813827,2.604239e-08,1.509e-08
2017.1718001368924,4.578613e-08,1.3635e-08
2017.1909650924024,1.045893e-07,2.6821e-08
2017.2101300479123,6.536035e-08,2.2896e-08
2017.2292950034223,8.46309e-08,2.3478e-08
2017.2484599589322,7.427944e-08,2.7633e-08
2017.2676249144422,7.062114e-08,1.862e-08
2017.2867898699521,5.265495e-08,2.2371e-08
2017.305954825462,6.463894e-08,2.5758e-08
2017.325119780972,7.407264e-08,2.9357e-08
2017.3442847364818,8.890611e-08,3.2732e-08
2017.3634496919917,3.596252e-08,1.9116e-08
2017.3826146475017,8.028708e-08,2.3941e-08
2017.4017796030116,7.631955e-08,1.9861e-08
2017.4209445585216,7.583757e-08,2.5536e-08
2017.4401095140315,4.058859e-08,1.5226e-08
2017.4592744695415,6.996723e-08,1.9443e-08
2017.4784394250514,3.066985e-08,1.1787e-08
2017.4976043805614,4.446826e-08,1.362e-08
2017.516769336071,2.153327e-08,1.3049e-11
2017.535934291581,4.532054e-08,2.2583e-08
2017.555099247091,4.714675e-08,2.0259e-08
2017.574264202601,5.667929e-08,1.879e-08
2017.593429158111,4.059803e-08,1.1955e-08
2017.6125941136208,5.104808e-08,1.9356e-08
2017.6317590691308,3.462808e-08,1.6585e-08
2017.6509240246407,6.072663e-08,1.8269e-08
2017.6700889801505,9.719598e-08,2.908e-08
2017.6892539356604,8.552676e-08,2.7629e-08
2017.7084188911704,3.91158e-08,1.5411e-08
2017.7275838466803,5.727973e-08,1.6504e-08
2017.7467488021903,5.764395e-08,1.8061e-08
2017.7659137577002,5.270178e-08,1.5761e-08
2017.7850787132102,7.614534e-08,2.3451e-08
2017.8042436687201,4.79123e-08,2.3113e-08
2017.82340862423,6.072999e-08,2.9599e-08
2017.84257357974,9.953091e-08,3.4921e-08
2017.8617385352497,1.455475e-07,3.551e-08
2017.8809034907597,9.175938e-08,3.1282e-08
2017.9000684462696,1.707995e-07,3.3058e-08
2017.9192334017796,8.754949e-08,2.6354e-08
2017.9383983572895,9.625973e-08,3.1945e-08
2017.9575633127995,9.944729e-08,3.364e-08
2017.9767282683094,4.580974e-08,2.0867e-08
2017.9958932238194,1.351073e-07,3.3038e-08
2018.0150581793291,4.688232e-08,1.816e-08
2018.034223134839,1.094317e-07,3.1385e-08
2018.053388090349,9.580391e-08,2.6516e-08
2018.072553045859,8.87787e-08,2.3163e-08
2018.091718001369,1.617076e-07,4.16e-08
2018.1108829568789,1.229442e-07,3.2116e-08
2018.1300479123888,1.147555e-07,3.2423e-08
2018.1492128678988,8.41879e-08,3.1383e-08
2018.1683778234087,8.762348e-08,3.2279e-08
2018.1875427789184,3.634526e-08,1.7091e-08
2018.2067077344284,5.179946e-08,1.7617e-08
2018.2642026009582,1.304975e-07,5.1349e-08
2018.2833675564682,1.304975e-07,5.1349e-08
2018.3025325119781,2.442034e-07,1.3844e-10
2018.321697467488,1.091213e-07,4.1244e-08
2018.340862422998,4.445264e-08,1.4326e-10
2018.3600273785078,3.205344e-08,5.2039e-11
2018.3791923340177,1.218176e-07,3.5776e-08
2018.3983572895277,5.905204e-08,2.128e-08
2018.4175222450376,9.574835e-08,3.6059e-08
2018.4366872005476,7.226423e-08,7.2448e-10
2018.4558521560575,8.972685e-08,4.0479e-08
2018.4750171115675,3.957059e-08,1.7253e-08
2018.4941820670774,5.096658e-08,1.5917e-08
2018.5133470225874,2.765644e-08,9.1297e-09
2018.532511978097,5.403117e-08,1.5332e-08
2018.551676933607,4.17391e-08,1.2296e-08
2018.570841889117,1.390305e-07,4.6079e-08
2018.590006844627,4.499729e-08,1.2569e-08
2018.609171800137,2.007503e-08,1.9882e-10
2018.6283367556468,3.001696e-08,1.3488e-08
2018.6475017111568,7.319948e-08,1.9228e-08
2018.6666666666667,3.51788e-08,4.5803e-10
2018.6858316221767,4.311493e-08,1.6839e-10
2018.7049965776864,4.227293e-08,1.4926e-08
2018.7241615331964,2.259151e-08,8.6074e-09
2018.7433264887063,2.169548e-08,7.1698e-09
2018.7624914442163,5.017097e-08,1.795e-08
2018.7816563997262,3.989689e-08,1.5019e-08
2018.8008213552362,4.519922e-08,1.7044e-08
2018.8199863107461,5.564117e-08,1.7912e-08
2018.839151266256,1.044525e-07,3.2867e-08
2018.8774811772757,9.090419e-08,2.5256e-08
2018.8966461327857,3.190246e-08,1.3372e-08
2018.9158110882956,1.537257e-08,1.0515e-12
2018.9349760438056,3.791101e-08,1.2638e-08
2018.9541409993155,6.030979e-08,1.6014e-08
2018.9733059548255,1.447459e-08,1.0736e-12
2018.9924709103354,2.760838e-08,1.5638e-11
2019.0116358658454,1.092806e-08,3.6338e-12
2019.0308008213553,1.033819e-08,6.1702e-12
2019.049965776865,1.471491e-08,7.5767e-13
2019.069130732375,1.33304e-08,3.6094e-13
2019.088295687885,1.51786e-08,3.0125e-11
2019.107460643395,2.430025e-08,8.5508e-09
2019.1266255989049,2.826918e-08,9.8545e-09
2019.1457905544148,2.912944e-08,1.2363e-08
2019.1649555099248,6.650051e-08,1.9084e-08
2019.1841204654347,3.475267e-08,1.3882e-08
2019.2032854209447,2.778477e-08,3.2781e-10
2019.2224503764544,1.79701e-08,1.5296e-11
2019.2416153319643,3.107538e-08,1.3916e-10
2019.2607802874743,6.079243e-08,2.1065e-08
2019.2799452429842,6.181512e-08,1.8877e-08
2019.2991101984942,8.805316e-08,1.8964e-09
2019.3182751540041,5.127405e-08,2.0028e-08
2019.337440109514,7.646312e-08,2.1917e-08
2019.356605065024,1.807326e-08,8.6947e-11
2019.375770020534,2.452219e-08,8.8241e-10
2019.3949349760437,2.730132e-08,4.7296e-11
2019.4140999315537,3.631278e-08,1.9073e-11
2019.4332648870636,2.87924e-08,4.1612e-11
2019.4524298425736,3.719618e-08,1.9854e-09
2019.4715947980835,4.318897e-08,2.5481e-08
2019.4907597535935,4.392841e-08,1.1661e-08
2019.5099247091034,5.582521e-08,1.475e-08
2019.5290896646134,6.078728e-08,1.8604e-08
2019.5482546201233,8.143776e-08,2.0508e-08
2019.567419575633,5.747388e-08,1.6093e-08
2019.586584531143,4.567894e-08,1.6541e-08
2019.605749486653,4.338097e-08,1.6011e-08
2019.624914442163,2.630872e-08,4.0131e-09
2019.6440793976728,3.081589e-08,1.287e-08
2019.6632443531828,4.897856e-08,1.8216e-08
2019.6824093086927,4.20426e-08,1.3109e-08
2019.7015742642027,2.246964e-08,9.6253e-12
2019.7207392197124,1.800012e-08,1.0089e-11
2019.7399041752224,9.221818e-08,1.1036e-09
2019.7590691307323,3.161414e-08,1.3787e-08
2019.7782340862423,1.484689e-08,3.8144e-11
2019.7973990417522,4.156432e-08,2.2028e-08
2019.8165639972622,1.699586e-08,5.7085e-11
2019.8357289527721,3.437541e-08,1.1617e-08
2019.874058863792,1.304975e-07,5.1349e-08
2019.8932238193017,5.906792e-08,2.8859e-08
2019.9123887748117,6.713231e-08,1.9358e-08
2019.9315537303216,9.23907e-08,2.4854e-08
2019.9507186858316,6.404227e-08,1.9906e-08
2019.9698836413415,5.453329e-08,1.5865e-08
2019.9890485968515,3.250754e-08,1.7113e-11
2020.0082135523614,9.544053e-08,2.5908e-08
2020.0273785078714,9.216202e-08,2.3041e-08
2020.0465434633813,8.150623e-08,3.0478e-08
2020.065708418891,9.541262e-08,2.9214e-08
2020.084873374401,1.150181e-07,3.2342e-08
2020.104038329911,8.646294e-08,2.3678e-08
2020.123203285421,5.594944e-08,1.9396e-08
2020.1423682409309,1.27363e-07,3.0137e-08
2020.1615331964408,6.917169e-08,2.5259e-08
2020.1806981519508,7.584132e-08,2.3849e-08
2020.1998631074607,1.34463e-07,3.4546e-08
2020.2190280629707,6.772903e-08,2.3987e-08
2020.2381930184804,9.883994e-08,3.2485e-08
2020.2573579739903,1.074797e-07,3.0598e-08
2020.2765229295003,1.087416e-07,3.2558e-08
2020.2956878850102,2.429458e-07,1.0838e-07
2020.3148528405202,3.987411e-07,4.1015e-08
2020.3340177960301,1.751985e-07,6.0331e-08
2020.35318275154,1.258002e-07,3.789e-08
2020.37234770705,9.257942e-08,2.5576e-08
2020.39151266256,7.675185e-08,2.6946e-08
2020.4106776180697,1.636048e-07,4.0121e-08
2020.4298425735797,1.617069e-07,4.5779e-08
2020.4490075290896,2.379069e-07,5.5995e-08
2020.4681724845996,2.275152e-07,4.8987e-08
2020.4873374401095,9.370694e-08,2.7558e-08
2020.495551266256,1.520654e-07,3.301e-08
2020.5147162217659,2.807503e-07,3.8976e-08
2020.5338811772758,2.012293e-07,3.4035e-08
2020.5530461327858,1.556512e-07,3.2845e-08
2020.5722110882957,1.98509e-07,3.4211e-08
2020.5913760438057,1.660337e-07,3.1031e-08
2020.6105409993156,6.632988e-08,2.7789e-08
2020.6297059548256,8.768707e-08,2.555e-08
2020.6488709103353,6.34148e-08,2.6425e-08
2020.6680358658452,4.92126e-08,1.9624e-08
2020.6872008213552,6.060936e-08,2.01e-08
2020.7063657768651,1.580941e-07,3.7384e-08
2020.725530732375,1.414607e-07,2.8689e-08
2020.744695687885,8.860556e-08,2.9777e-08
2020.763860643395,1.119233e-07,5.7475e-08
2020.783025598905,9.13877e-08,3.1888e-08
2020.8021905544147,6.064478e-08,1.6576e-08
2020.8213555099246,4.770228e-08,2.429e-08
2020.8405204654346,1.733534e-07,3.8865e-08
